0     0     2           1.24 0     0     9     1    
0     1     2           1.14 0     1     9     0    
0     2     2           0.97 0     2     9     0    
1     0     1           0.81 0     0     9     1    
1     1     1           1.22 1     0     9     0    
1     2     1           0.94 2     0     9     0    
2     0     1           1.15 0     0     9     1    
2     1     2           1.20 1     0     9     0    
2     2     2           1.30 1     1     9     0    
3     0     2           1.21 0     0     9     1    
3     1     2           1.14 0     1     9     0    
3     2     2           1.31 0     2     9     0    
4     0     2           1.20 0     0     9     1    
4     1     1           1.18 0     1     9     0    
4     2     2           0.99 1     1     9     0    
5     0     1           1.00 0     0     9     1    
5     1     2           1.32 1     0     9     0    
5     2     2           1.10 1     1     9     0    
6     0     1           1.03 0     0     9     1    
6     1     2           1.04 1     0     9     0    
6     2     2           0.99 1     1     9     0    
7     0     2           1.52 0     0     9     1    
7     1     2           1.07 0     1     9     0    
7     2     2           1.51 0     2     9     0    
8     0     1           1.14 0     0     9     1    
8     1     1           1.08 1     0     9     0    
8     2     2           1.16 2     0     9     0    
9     0     2           2.00 0     0     9     1    
9     1     2           1.50 0     1     9     0    
9     2     2           1.21 0     2     9     0    
10    0     2           1.25 0     0     9     1    
10    1     2           1.31 0     1     9     0    
10    2     2           2.05 0     2     9     0    
11    0     2           1.47 0     0     9     1    
11    1     2           1.13 0     1     9     0    
11    2     2           1.79 0     2     9     0    
12    0     2           1.04 0     0     9     1    
12    1     2           1.30 0     1     9     0    
12    2     2           1.27 0     2     9     0    
13    0     2           0.96 0     0     9     1    
13    1     2           1.33 0     1     9     0    
13    2     2           1.16 0     2     9     0    
14    0     2           1.01 0     0     9     1    
14    1     2           1.16 0     1     9     0    
14    2     2           1.15 0     2     9     0    
15    0     1           1.46 0     0     9     1    
15    1     2           1.50 1     0     9     0    
15    2     2           1.06 1     1     9     0    
16    0     2           1.48 0     0     9     1    
16    1     2           1.25 0     1     9     0    
16    2     2           1.13 0     2     9     0    
17    0     1           1.47 0     0     9     1    
17    1     2           1.25 1     0     9     0    
17    2     2           1.52 1     1     9     0    
18    0     2           1.08 0     0     9     1    
18    1     2           1.11 0     1     9     0    
18    2     2           1.21 0     2     9     0    
19    0     2           1.22 0     0     9     1    
19    1     2           1.61 0     1     9     0    
19    2     2           1.14 0     2     9     0    
20    0     2           1.44 0     0     9     1    
20    1     2           0.98 0     1     9     0    
20    2     1           1.09 0     2     9     0    
21    0     2           1.46 0     0     9     1    
21    1     2           1.03 0     1     9     0    
21    2     2           1.07 0     2     9     0    
22    0     2           1.23 0     0     9     1    
22    1     2           1.58 0     1     9     0    
22    2     2           1.48 0     2     9     0    
23    0     1           1.37 0     0     9     1    
23    1     1           1.19 1     0     9     0    
23    2     2           1.28 2     0     9     0    
24    0     2           1.14 0     0     9     1    
24    1     2           1.23 0     1     9     0    
24    2     2           1.08 0     2     9     0    
25    0     2           1.25 0     0     9     1    
25    1     2           1.46 0     1     9     0    
25    2     2           1.15 0     2     9     0    
26    0     2           0.84 0     0     9     1    
26    1     2           1.15 0     1     9     0    
26    2     2           1.04 0     2     9     0    
27    0     2           1.45 0     0     9     1    
27    1     2           1.46 0     1     9     0    
27    2     2           1.10 0     2     9     0    
28    0     2           1.61 0     0     9     1    
28    1     2           1.64 0     1     9     0    
28    2     2           1.04 0     2     9     0    
29    0     2           1.09 0     0     9     1    
29    1     2           1.09 0     1     9     0    
29    2     2           1.25 0     2     9     0    
30    0     2           0.90 0     0     9     1    
30    1     2           0.92 0     1     9     0    
30    2     1           1.19 0     2     9     0    
31    0     2           0.93 0     0     9     1    
31    1     2           1.21 0     1     9     0    
31    2     2           1.11 0     2     9     0    
32    0     2           1.22 0     0     9     1    
32    1     1           1.25 0     1     9     0    
32    2     1           1.03 1     1     9     0    
33    0     2           1.10 0     0     9     1    
33    1     2           1.11 0     1     9     0    
33    2     2           1.77 0     2     9     0    
34    0     2           1.32 0     0     9     1    
34    1     2           1.00 0     1     9     0    
34    2     1           0.77 0     2     9     0    
35    0     2           1.17 0     0     9     1    
35    1     2           1.58 0     1     9     0    
35    2     2           1.10 0     2     9     0    
36    0     2           1.40 0     0     9     1    
36    1     2           1.59 0     1     9     0    
36    2     2           1.60 0     2     9     0    
37    0     2           1.42 0     0     9     1    
37    1     1           1.76 0     1     9     0    
37    2     2           1.08 1     1     9     0    
38    0     2           1.39 0     0     9     1    
38    1     2           1.29 0     1     9     0    
38    2     2           1.30 0     2     9     0    
39    0     2           0.92 0     0     9     1    
39    1     2           1.89 0     1     9     0    
39    2     2           1.37 0     2     9     0    
40    0     1           1.14 0     0     9     1    
40    1     1           1.30 1     0     9     0    
40    2     2           1.02 2     0     9     0    
41    0     1           1.13 0     0     9     1    
41    1     1           1.07 1     0     9     0    
41    2     2           1.32 2     0     9     0    
42    0     2           1.03 0     0     9     1    
42    1     1           0.89 0     1     9     0    
42    2     2           1.28 1     1     9     0    
43    0     2           1.23 0     0     9     1    
43    1     2           0.98 0     1     9     0    
43    2     2           1.35 0     2     9     0    
44    0     2           0.98 0     0     9     1    
44    1     2           1.48 0     1     9     0    
44    2     2           1.23 0     2     9     0    
45    0     2           1.05 0     0     9     1    
45    1     2           1.10 0     1     9     0    
45    2     1           1.01 0     2     9     0    
46    0     2           1.01 0     0     9     1    
46    1     1           1.12 0     1     9     0    
46    2     1           1.55 1     1     9     0    
47    0     2           1.22 0     0     9     1    
47    1     2           1.48 0     1     9     0    
47    2     1           1.06 0     2     9     0    
48    0     2           1.40 0     0     9     1    
48    1     2           1.35 0     1     9     0    
48    2     2           0.87 0     2     9     0    
49    0     2           1.32 0     0     9     1    
49    1     2           1.32 0     1     9     0    
49    2     2           1.25 0     2     9     0    
50    0     1           1.22 0     0     9     1    
50    1     1           1.20 1     0     9     0    
50    2     2           1.26 2     0     9     0    
51    0     1           0.93 0     0     9     1    
51    1     2           1.01 1     0     9     0    
51    2     1           0.94 1     1     9     0    
52    0     2           1.32 0     0     9     1    
52    1     2           1.32 0     1     9     0    
52    2     2           1.51 0     2     9     0    
53    0     2           1.38 0     0     9     1    
53    1     2           1.57 0     1     9     0    
53    2     2           1.05 0     2     9     0    
54    0     2           1.62 0     0     9     1    
54    1     2           1.66 0     1     9     0    
54    2     2           1.16 0     2     9     0    
55    0     2           1.28 0     0     9     1    
55    1     2           1.34 0     1     9     0    
55    2     1           1.24 0     2     9     0    
56    0     2           1.00 0     0     9     1    
56    1     2           1.30 0     1     9     0    
56    2     2           1.21 0     2     9     0    
57    0     1           1.07 0     0     9     1    
57    1     2           1.07 1     0     9     0    
57    2     2           1.02 1     1     9     0    
58    0     2           1.10 0     0     9     1    
58    1     2           1.37 0     1     9     0    
58    2     2           1.50 0     2     9     0    
59    0     2           1.16 0     0     9     1    
59    1     2           1.30 0     1     9     0    
59    2     2           1.43 0     2     9     0    
60    0     2           1.13 0     0     9     1    
60    1     2           1.01 0     1     9     0    
60    2     2           1.18 0     2     9     0    
61    0     2           1.24 0     0     9     1    
61    1     2           1.07 0     1     9     0    
61    2     2           1.25 0     2     9     0    
62    0     2           0.84 0     0     9     1    
62    1     2           1.14 0     1     9     0    
62    2     2           1.06 0     2     9     0    
63    0     1           1.55 0     0     9     1    
63    1     2           0.87 1     0     9     0    
63    2     2           1.21 1     1     9     0    
64    0     2           1.05 0     0     9     1    
64    1     2           1.47 0     1     9     0    
64    2     2           1.26 0     2     9     0    
65    0     2           1.28 0     0     9     1    
65    1     2           1.19 0     1     9     0    
65    2     2           1.71 0     2     9     0    
66    0     2           0.77 0     0     9     1    
66    1     2           1.02 0     1     9     0    
66    2     2           1.09 0     2     9     0    
67    0     1           0.94 0     0     9     1    
67    1     1           1.15 1     0     9     0    
67    2     1           0.83 2     0     9     0    
68    0     2           1.01 0     0     9     1    
68    1     2           1.24 0     1     9     0    
68    2     2           1.21 0     2     9     0    
69    0     1           1.15 0     0     9     1    
69    1     1           1.20 1     0     9     0    
69    2     2           1.36 2     0     9     0    
70    0     2           1.18 0     0     9     1    
70    1     2           1.26 0     1     9     0    
70    2     1           0.80 0     2     9     0    
71    0     2           1.42 0     0     9     1    
71    1     1           1.10 0     1     9     0    
71    2     2           1.03 1     1     9     0    
72    0     1           0.79 0     0     9     1    
72    1     1           0.89 1     0     9     0    
72    2     2           1.29 2     0     9     0    
73    0     2           1.64 0     0     9     1    
73    1     2           0.97 0     1     9     0    
73    2     2           1.27 0     2     9     0    
74    0     2           0.98 0     0     9     1    
74    1     2           1.21 0     1     9     0    
74    2     2           1.26 0     2     9     0    
75    0     2           0.90 0     0     9     1    
75    1     2           1.48 0     1     9     0    
75    2     2           1.55 0     2     9     0    
76    0     2           1.24 0     0     9     1    
76    1     2           1.25 0     1     9     0    
76    2     1           0.98 0     2     9     0    
77    0     2           1.10 0     0     9     1    
77    1     2           1.42 0     1     9     0    
77    2     2           1.05 0     2     9     0    
78    0     2           1.25 0     0     9     1    
78    1     2           0.85 0     1     9     0    
78    2     2           1.24 0     2     9     0    
79    0     2           1.13 0     0     9     1    
79    1     2           1.24 0     1     9     0    
79    2     2           1.20 0     2     9     0    
80    0     1           1.10 0     0     9     1    
80    1     2           1.08 1     0     9     0    
80    2     2           1.19 1     1     9     0    
81    0     2           1.71 0     0     9     1    
81    1     2           1.28 0     1     9     0    
81    2     2           0.90 0     2     9     0    
82    0     2           1.26 0     0     9     1    
82    1     1           1.12 0     1     9     0    
82    2     2           1.35 1     1     9     0    
83    0     2           0.94 0     0     9     1    
83    1     2           1.89 0     1     9     0    
83    2     2           1.42 0     2     9     0    
84    0     2           1.34 0     0     9     1    
84    1     2           1.66 0     1     9     0    
84    2     1           0.92 0     2     9     0    
85    0     2           1.28 0     0     9     1    
85    1     2           1.03 0     1     9     0    
85    2     2           1.39 0     2     9     0    
86    0     2           1.09 0     0     9     1    
86    1     1           1.50 0     1     9     0    
86    2     2           1.17 1     1     9     0    
87    0     2           1.01 0     0     9     1    
87    1     2           0.91 0     1     9     0    
87    2     2           1.54 0     2     9     0    
88    0     2           1.58 0     0     9     1    
88    1     2           1.90 0     1     9     0    
88    2     1           0.96 0     2     9     0    
89    0     2           1.46 0     0     9     1    
89    1     2           1.17 0     1     9     0    
89    2     2           1.68 0     2     9     0    
90    0     1           1.19 0     0     9     1    
90    1     1           1.16 1     0     9     0    
90    2     1           1.08 2     0     9     0    
91    0     2           1.15 0     0     9     1    
91    1     1           1.02 0     1     9     0    
91    2     2           0.96 1     1     9     0    
92    0     1           1.02 0     0     9     1    
92    1     2           1.13 1     0     9     0    
92    2     2           1.48 1     1     9     0    
93    0     2           0.90 0     0     9     1    
93    1     2           1.10 0     1     9     0    
93    2     1           1.14 0     2     9     0    
94    0     2           1.21 0     0     9     1    
94    1     1           1.18 0     1     9     0    
94    2     2           1.24 1     1     9     0    
95    0     1           1.03 0     0     9     1    
95    1     2           1.07 1     0     9     0    
95    2     1           1.18 1     1     9     0    
96    0     2           1.04 0     0     9     1    
96    1     2           1.26 0     1     9     0    
96    2     2           1.78 0     2     9     0    
97    0     2           0.88 0     0     9     1    
97    1     2           1.21 0     1     9     0    
97    2     2           1.52 0     2     9     0    
98    0     2           1.17 0     0     9     1    
98    1     2           1.81 0     1     9     0    
98    2     2           1.22 0     2     9     0    
99    0     2           0.88 0     0     9     1    
99    1     2           1.62 0     1     9     0    
99    2     2           1.18 0     2     9     0    